0,34,31,98.00,1,1,0,0,0,0,DAY,0.0,MOVING
1,34,31,98.00,0,1,1,0,0,1,DAY,0.5,DIGGING
2,34,30,98.00,1,2,1,0,0,1,DAY,1.0,MOVING
3,34,30,98.00,0,2,2,0,0,2,DAY,1.5,DIGGING
4,34,29,98.00,1,3,2,0,0,2,DAY,2.0,MOVING
5,34,29,98.00,0,3,3,0,0,3,DAY,2.5,DIGGING
6,35,29,98.00,1,4,3,0,0,3,DAY,3.0,MOVING
7,35,29,98.00,0,4,4,0,0,4,DAY,3.5,DIGGING
8,39,27,92.00,2,8,4,0,0,4,DAY,4.0,MOVING
9,39,27,98.00,0,8,5,0,1,4,DAY,4.5,DIGGING
10,40,27,98.00,1,9,5,0,1,4,DAY,5.0,MOVING
11,40,27,98.00,0,9,6,0,2,4,DAY,5.5,DIGGING
12,39,28,98.00,1,10,6,0,2,4,DAY,6.0,MOVING
13,39,28,98.00,0,10,7,0,3,4,DAY,6.5,DIGGING
14,40,28,98.00,1,11,7,0,3,4,DAY,7.0,MOVING
15,40,28,98.00,0,11,8,0,4,4,DAY,7.5,DIGGING
16,39,29,98.00,1,12,8,0,4,4,DAY,8.0,MOVING
17,39,29,98.00,0,12,9,0,5,4,DAY,8.5,DIGGING
18,40,29,98.00,1,13,9,0,5,4,DAY,9.0,MOVING
19,40,29,98.00,0,13,10,0,6,4,DAY,9.5,DIGGING
20,42,35,92.00,2,19,10,0,6,4,DAY,10.0,MOVING
21,42,35,98.00,0,19,11,0,6,5,DAY,10.5,DIGGING
22,42,36,98.00,1,20,11,0,6,5,DAY,11.0,MOVING
23,42,36,98.00,0,20,12,0,6,6,DAY,11.5,DIGGING
24,43,37,98.00,1,21,12,0,6,6,DAY,12.0,MOVING
25,43,37,98.00,0,21,13,0,6,7,DAY,12.5,DIGGING
26,44,37,98.00,1,22,13,0,6,7,DAY,13.0,MOVING
27,44,37,98.00,0,22,14,0,7,7,DAY,13.5,DIGGING
28,45,37,98.00,1,23,14,0,7,7,DAY,14.0,MOVING
29,45,37,98.00,0,23,15,0,8,7,DAY,14.5,DIGGING
30,46,37,98.00,1,24,15,0,8,7,DAY,15.0,MOVING
31,46,37,98.00,0,24,16,0,9,7,DAY,15.5,DIGGING
32,47,37,98.00,1,25,16,0,9,7,NIGHT,16.0,MOVING
33,47,37,96.00,0,25,17,0,10,7,NIGHT,16.5,DIGGING
34,46,36,94.00,1,26,17,0,10,7,NIGHT,17.0,MOVING
35,46,36,92.00,0,26,18,0,11,7,NIGHT,17.5,DIGGING
36,45,38,90.00,1,28,18,0,11,7,NIGHT,18.0,MOVING
37,45,38,88.00,0,28,19,0,12,7,NIGHT,18.5,DIGGING
38,45,40,86.00,1,30,19,0,12,7,NIGHT,19.0,MOVING
39,45,40,84.00,0,30,20,1,12,7,NIGHT,19.5,DIGGING
40,45,41,82.00,1,31,20,1,12,7,NIGHT,20.0,MOVING
41,45,41,80.00,0,31,21,2,12,7,NIGHT,20.5,DIGGING
42,46,41,78.00,1,32,21,2,12,7,NIGHT,21.0,MOVING
43,46,41,76.00,0,32,22,3,12,7,NIGHT,21.5,DIGGING
44,47,41,74.00,1,33,22,3,12,7,NIGHT,22.0,MOVING
45,47,41,72.00,0,33,23,4,12,7,NIGHT,22.5,DIGGING
46,46,42,70.00,1,34,23,4,12,7,NIGHT,23.0,MOVING
47,46,42,68.00,0,34,24,5,12,7,NIGHT,23.5,DIGGING
48,45,42,66.00,1,35,24,5,12,7,DAY,24.0,MOVING
49,45,42,74.00,0,35,25,6,12,7,DAY,24.5,DIGGING
50,44,41,82.00,1,36,25,6,12,7,DAY,25.0,MOVING
51,44,41,90.00,0,36,26,7,12,7,DAY,25.5,DIGGING
52,44,40,98.00,1,37,26,7,12,7,DAY,26.0,MOVING
53,44,40,98.00,0,37,27,8,12,7,DAY,26.5,DIGGING
54,46,40,98.00,1,39,27,8,12,7,DAY,27.0,MOVING
55,46,40,98.00,0,39,28,9,12,7,DAY,27.5,DIGGING
56,47,40,98.00,1,40,28,9,12,7,DAY,28.0,MOVING
57,47,40,98.00,0,40,29,10,12,7,DAY,28.5,DIGGING
58,46,38,98.00,1,42,29,10,12,7,DAY,29.0,MOVING
59,46,38,98.00,0,42,30,10,13,7,DAY,29.5,DIGGING
60,47,38,98.00,1,43,30,10,13,7,DAY,30.0,MOVING
61,47,38,98.00,0,43,31,10,14,7,DAY,30.5,DIGGING
62,42,44,92.00,2,49,31,10,14,7,DAY,31.0,MOVING
63,42,44,98.00,0,49,32,11,14,7,DAY,31.5,DIGGING
64,42,45,98.00,1,50,32,11,14,7,DAY,32.0,MOVING
65,42,45,98.00,0,50,33,12,14,7,DAY,32.5,DIGGING
66,41,44,98.00,1,51,33,12,14,7,DAY,33.0,MOVING
67,41,44,98.00,0,51,34,13,14,7,DAY,33.5,DIGGING
68,43,44,98.00,1,53,34,13,14,7,DAY,34.0,MOVING
69,43,44,98.00,0,53,35,14,14,7,DAY,34.5,DIGGING
70,43,45,98.00,1,54,35,14,14,7,DAY,35.0,MOVING
71,43,45,98.00,0,54,36,15,14,7,DAY,35.5,DIGGING
72,41,45,98.00,1,56,36,15,14,7,DAY,36.0,MOVING
73,41,45,98.00,0,56,37,16,14,7,DAY,36.5,DIGGING
74,35,43,92.00,2,62,37,16,14,7,DAY,37.0,MOVING
75,35,43,98.00,0,62,38,17,14,7,DAY,37.5,DIGGING
76,34,43,98.00,1,63,38,17,14,7,DAY,38.0,MOVING
77,34,43,98.00,0,63,39,18,14,7,DAY,38.5,DIGGING
78,32,43,98.00,1,65,39,18,14,7,DAY,39.0,MOVING
79,32,43,98.00,0,65,40,19,14,7,DAY,39.5,DIGGING
80,31,43,98.00,1,66,40,19,14,7,NIGHT,40.0,MOVING
81,31,43,96.00,0,66,41,20,14,7,NIGHT,40.5,DIGGING
82,30,42,94.00,1,67,41,20,14,7,NIGHT,41.0,MOVING
83,30,42,92.00,0,67,42,21,14,7,NIGHT,41.5,DIGGING
84,29,41,90.00,1,68,42,21,14,7,NIGHT,42.0,MOVING
85,29,41,88.00,0,68,43,22,14,7,NIGHT,42.5,DIGGING
86,29,42,86.00,1,69,43,22,14,7,NIGHT,43.0,MOVING
87,29,42,84.00,0,69,44,23,14,7,NIGHT,43.5,DIGGING
88,29,43,82.00,1,70,44,23,14,7,NIGHT,44.0,MOVING
89,29,43,80.00,0,70,45,24,14,7,NIGHT,44.5,DIGGING
90,29,44,78.00,1,71,45,24,14,7,NIGHT,45.0,MOVING
91,29,44,76.00,0,71,46,24,15,7,NIGHT,45.5,DIGGING
92,29,45,74.00,1,72,46,24,15,7,NIGHT,46.0,MOVING
93,29,45,72.00,0,72,47,24,16,7,NIGHT,46.5,DIGGING
94,30,45,70.00,1,73,47,24,16,7,NIGHT,47.0,MOVING
95,30,45,68.00,0,73,48,24,17,7,NIGHT,47.5,DIGGING
96,31,45,66.00,1,74,48,24,17,7,DAY,48.0,MOVING
97,31,45,74.00,0,74,49,24,18,7,DAY,48.5,DIGGING
98,30,44,82.00,1,75,49,24,18,7,DAY,49.0,MOVING
99,30,44,90.00,0,75,50,24,19,7,DAY,49.5,DIGGING
100,30,43,98.00,1,76,50,24,19,7,DAY,50.0,MOVING
101,30,43,98.00,0,76,51,25,19,7,DAY,50.5,DIGGING
102,31,42,98.00,1,77,51,25,19,7,DAY,51.0,MOVING
103,31,42,98.00,0,77,52,26,19,7,DAY,51.5,DIGGING
104,30,41,98.00,1,78,52,26,19,7,DAY,52.0,MOVING
105,30,41,98.00,0,78,53,27,19,7,DAY,52.5,DIGGING
106,29,40,98.00,1,79,53,27,19,7,DAY,53.0,MOVING
107,29,40,98.00,0,79,54,28,19,7,DAY,53.5,DIGGING
108,28,41,98.00,1,80,54,28,19,7,DAY,54.0,MOVING
109,28,41,98.00,0,80,55,29,19,7,DAY,54.5,DIGGING
110,28,42,98.00,1,81,55,29,19,7,DAY,55.0,MOVING
111,28,42,98.00,0,81,56,30,19,7,DAY,55.5,DIGGING
112,28,43,98.00,1,82,56,30,19,7,DAY,56.0,MOVING
113,28,43,98.00,0,82,57,31,19,7,DAY,56.5,DIGGING
114,28,44,98.00,1,83,57,31,19,7,DAY,57.0,MOVING
115,28,44,98.00,0,83,58,31,20,7,DAY,57.5,DIGGING
116,28,45,98.00,1,84,58,31,20,7,DAY,58.0,MOVING
117,28,45,98.00,0,84,59,31,21,7,DAY,58.5,DIGGING
118,29,46,98.00,1,85,59,31,21,7,DAY,59.0,MOVING
119,29,46,98.00,0,85,60,31,22,7,DAY,59.5,DIGGING
120,30,46,98.00,1,86,60,31,22,7,DAY,60.0,MOVING
121,30,46,98.00,0,86,61,31,23,7,DAY,60.5,DIGGING
122,31,46,98.00,1,87,61,31,23,7,DAY,61.0,MOVING
123,31,46,98.00,0,87,62,31,24,7,DAY,61.5,DIGGING
124,31,44,98.00,1,89,62,31,24,7,DAY,62.0,MOVING
125,31,44,98.00,0,89,63,31,25,7,DAY,62.5,DIGGING
126,32,42,98.00,1,91,63,31,25,7,DAY,63.0,MOVING
127,32,42,98.00,0,91,64,32,25,7,DAY,63.5,DIGGING
128,34,42,98.00,1,93,64,32,25,7,NIGHT,64.0,MOVING
129,34,42,96.00,0,93,65,33,25,7,NIGHT,64.5,DIGGING
130,35,42,94.00,1,94,65,33,25,7,NIGHT,65.0,MOVING
131,35,42,92.00,0,94,66,34,25,7,NIGHT,65.5,DIGGING
132,34,44,90.00,1,96,66,34,25,7,NIGHT,66.0,MOVING
133,34,44,88.00,0,96,67,35,25,7,NIGHT,66.5,DIGGING
134,35,44,86.00,1,97,67,35,25,7,NIGHT,67.0,MOVING
135,35,44,84.00,0,97,68,36,25,7,NIGHT,67.5,DIGGING
136,30,40,76.00,2,102,68,36,25,7,NIGHT,68.0,MOVING
137,30,40,74.00,0,102,69,37,25,7,NIGHT,68.5,DIGGING
138,27,39,72.00,1,105,69,37,25,7,NIGHT,69.0,MOVING
139,27,39,70.00,0,105,70,37,25,8,NIGHT,69.5,DIGGING
140,26,38,68.00,1,106,70,37,25,8,NIGHT,70.0,MOVING
141,26,38,66.00,0,106,71,37,25,9,NIGHT,70.5,DIGGING
142,27,38,64.00,1,107,71,37,25,9,NIGHT,71.0,MOVING
143,27,38,62.00,0,107,72,37,25,10,NIGHT,71.5,DIGGING
144,28,40,60.00,1,109,72,37,25,10,DAY,72.0,MOVING
145,28,40,68.00,0,109,73,38,25,10,DAY,72.5,DIGGING
146,26,39,76.00,1,111,73,38,25,10,DAY,73.0,MOVING
147,26,39,84.00,0,111,74,38,25,11,DAY,73.5,DIGGING
148,20,37,86.00,2,117,74,38,25,11,DAY,74.0,MOVING
149,20,37,94.00,0,117,75,39,25,11,DAY,74.5,DIGGING
150,19,37,98.00,1,118,75,39,25,11,DAY,75.0,MOVING
151,19,37,98.00,0,118,76,40,25,11,DAY,75.5,DIGGING
152,19,38,98.00,1,119,76,40,25,11,DAY,76.0,MOVING
153,19,38,98.00,0,119,77,41,25,11,DAY,76.5,DIGGING
154,18,37,98.00,1,120,77,41,25,11,DAY,77.0,MOVING
155,18,37,98.00,0,120,78,42,25,11,DAY,77.5,DIGGING
156,16,35,98.00,1,122,78,42,25,11,DAY,78.0,MOVING
157,16,35,98.00,0,122,79,42,25,12,DAY,78.5,DIGGING
158,16,34,98.00,1,123,79,42,25,12,DAY,79.0,MOVING
159,16,34,98.00,0,123,80,42,25,13,DAY,79.5,DIGGING
160,11,38,92.00,2,128,80,42,25,13,DAY,80.0,MOVING
161,11,38,98.00,0,128,81,43,25,13,DAY,80.5,DIGGING
162,11,37,98.00,1,129,81,43,25,13,DAY,81.0,MOVING
163,11,37,98.00,0,129,82,44,25,13,DAY,81.5,DIGGING
164,10,38,98.00,1,130,82,44,25,13,DAY,82.0,MOVING
165,10,38,98.00,0,130,83,45,25,13,DAY,82.5,DIGGING
166,11,39,98.00,1,131,83,45,25,13,DAY,83.0,MOVING
167,11,39,98.00,0,131,84,46,25,13,DAY,83.5,DIGGING
168,12,38,98.00,1,132,84,46,25,13,DAY,84.0,MOVING
169,12,38,98.00,0,132,85,47,25,13,DAY,84.5,DIGGING
170,12,37,98.00,1,133,85,47,25,13,DAY,85.0,MOVING
171,12,37,98.00,0,133,86,48,25,13,DAY,85.5,DIGGING
172,10,37,98.00,1,135,86,48,25,13,DAY,86.0,MOVING
173,10,37,98.00,0,135,87,49,25,13,DAY,86.5,DIGGING
174,10,39,98.00,1,137,87,49,25,13,DAY,87.0,MOVING
175,10,39,98.00,0,137,88,50,25,13,DAY,87.5,DIGGING
176,12,39,98.00,1,139,88,50,25,13,NIGHT,88.0,MOVING
177,12,39,96.00,0,139,89,51,25,13,NIGHT,88.5,DIGGING
178,16,43,88.00,2,145,89,51,25,13,NIGHT,89.0,MOVING
179,16,43,86.00,0,145,90,51,25,14,NIGHT,89.5,DIGGING
180,17,42,84.00,1,146,90,51,25,14,NIGHT,90.0,MOVING
181,17,42,82.00,0,146,91,51,25,15,NIGHT,90.5,DIGGING
182,13,48,74.00,2,152,91,51,25,15,NIGHT,91.0,MOVING
183,13,48,72.00,0,152,92,52,25,15,NIGHT,91.5,DIGGING
184,13,49,70.00,1,153,92,52,25,15,NIGHT,92.0,MOVING
185,13,49,68.00,0,153,93,53,25,15,NIGHT,92.5,DIGGING
186,12,48,66.00,1,154,93,53,25,15,NIGHT,93.0,MOVING
187,12,48,64.00,0,154,94,54,25,15,NIGHT,93.5,DIGGING
188,14,48,62.00,1,156,94,54,25,15,NIGHT,94.0,MOVING
189,14,48,60.00,0,156,95,55,25,15,NIGHT,94.5,DIGGING
190,14,49,58.00,1,157,95,55,25,15,NIGHT,95.0,MOVING
191,14,49,56.00,0,157,96,56,25,15,NIGHT,95.5,DIGGING
192,12,49,54.00,1,159,96,56,25,15,DAY,96.0,MOVING
193,12,49,62.00,0,159,97,57,25,15,DAY,96.5,DIGGING
194,14,43,64.00,2,165,97,57,25,15,DAY,97.0,MOVING
195,14,43,72.00,0,165,98,57,25,16,DAY,97.5,DIGGING
196,15,43,80.00,1,166,98,57,25,16,DAY,98.0,MOVING
197,15,43,88.00,0,166,99,57,25,17,DAY,98.5,DIGGING
198,18,38,80.00,3,172,99,57,25,17,DAY,99.0,MOVING
199,18,38,88.00,0,172,100,58,25,17,DAY,99.5,DIGGING
